        61.63556796828376      0.016856001731415365     7.773823327069466e-05        -15.07867355142324       -10.293733226320468      -0.27300687724718087       -2.9877938528629584        -2.725693244495605      -0.10462479311758524         0.443608779571595      0.002825629137796669     0.0005811048672996964       -2.9881031717313205         2.718429946234661       0.10395171325885262       -15.079831794189289        10.284452431649509       0.27130661103601744      -0.17993292249322887    4.4972409797582965e-06    -0.0004242641410096666       0.49753930663125195       0.20576904017516504       0.09120145025807469         -2.76944709316096         1.257105952625028        0.6565115777112762       -22.170540422423915     0.0011988909245773385    -0.0006505140392519622       -2.7662597764520576       -1.2588186647577093       -0.6578280279206059       0.49619682933392223      -0.20310865208494208       -0.0910125302612182        0.8986522110136873        1.4105625373376651      -0.07595425181028279       -0.5453375293543856        0.0384421092448288     -0.023500507864121466       0.06268574218390367     -0.007913606638164001    0.00010110600248429534       -0.5467590626877018      -0.03994321583981767      0.024188104820455882        0.9029863721096332       -1.4044785206116448        0.0774456584568636     -0.004250955123012959    -0.0038446010038676514     8.608540486726168e-05      0.002298743124855806      -0.01677038035370149     -0.005444449833310833       0.08068345445271272      -0.23636691497947662     -0.030449763775180858       0.08855469564222362        0.2256642329098514      0.030206414546988018     0.0024376470637400846      0.012046725155786938      0.006925656813011913
     0.016856001731415365         62.40752611873751         4.632208662189344        -5.735773255876958        -25.10859561224331       -1.1569747038150722        -6.304536447124529         2.548025488073292      0.016472943051005398      0.001338169263843803        -5.497119280459582      -0.25167861680548215         6.292467817635555         2.560161794871339      0.016230279771248298          5.74214358273562        -25.09794667390988       -1.1526382071333559     -0.002129678270352865      -0.11380180772383112      0.003109351426638662       0.16784216260773402     -0.001867228309760116       -0.5493428770597808          2.23540319348911        0.3399722373443203      0.007605887178464936    -0.0015649867845679718         -8.53965516198627       -1.0219488088726831       -2.2350313747167365       0.33643466119694776       0.00646921554106947      -0.17063048346785847     -0.004157659724219627       -0.5502555142466814       -1.2398004604556063       -1.9462280371706069      -0.18550530910708152        0.1170167597197818       0.19590007049162678     -0.033409192094677166     -0.003429089650506318      -0.11080191413521764      0.027409789095506478      -0.12144346853431225       0.19409540030104722      -0.03238382389137168        1.2232512593414573        -1.915005151687028      -0.18630489539320758     -0.002696265040346579     -0.025839102611688917       0.05813283139134539       0.12068235117408957      0.005898315504777937      -0.01271971153991698      0.015534578281684006      -0.11497211375661807       0.21110161417407552     -0.011836686933124174      -0.12250967199420996        0.2086409430444552      -0.11908362991453118     0.0038192958868896523     -0.013809831155707317
    7.773823327069466e-05         4.632208662189344         15.49538148966801      -0.23236228614189008        -1.330796069447336        -6.070487037566308       -0.4445245202528445        0.1848928976748267        0.6098159476391005    -0.0015194850852353436       -0.3459560555573583       -0.6589457218006334       0.44483003777064634       0.18434685221898534        0.6094538128502821        0.2392698015798846       -1.3335721635717666       -6.0730080465704175     0.0039988910472833735      0.053630643502142764       -0.0880358201681164       0.06904969294863518       -0.5271251310567213       0.14327315276939148        1.8421302541449542     -0.008896094062658587        0.3227889022253257    -0.0014400769115374586       -1.1241782847530157       -6.3284561538515804       -1.8404852640431164      -0.00890188282907762        0.3233739544032527      -0.07036532538843245       -0.5293775170214543          0.14418776754319      -0.04111331219367634      -0.09587698327730346        0.2927706761817705      0.026908486331193558     -0.031456404779612875        0.6904550090027751   -2.3794999077977344e-05      -0.00228439195067291      -0.10189857904430419     -0.028833876545455682     -0.030206220781506553         0.690955931212252       0.03791173169240025       -0.0882452195656044        0.2934674014712242     0.0017961000899752585       0.06083645923524787      -0.05111573378599311       0.08103521440001228     -0.008922982853786293      0.015449799548079722       0.02035488501155812       0.19023011792857897        -0.125875735898213     -0.020403712204448796       0.18818213011593213      -0.12612740294748534      -0.08081422849883156     -0.012181254493679988      0.016063217497206808
       -15.07867355142324        -5.735773255876958      -0.23236228614189008         65.12486306340728       -2.2366109584908775       0.07236733184779105       -32.653491493580624       -2.7329081061295444      -0.12486470895598158       -2.9358859553880534         6.520998173354415        0.3467399584226103        -4.027357174686619        -2.421786420602973      -0.11869095590589214         4.958393944592538       -1.5923666378384922      -0.07139705370361434      0.017617806635717177      -0.06526812218877537     -0.060321606785994415      0.027820044259489054       0.03157279601505491      -0.08898062606912606       -0.0722239543404542       -0.3645725199870018     -0.052352306070920715       -2.7656499557845513       -2.8878546712830833      -0.24258761002861298      -0.11989784121567525       0.30564357766324723        0.3049643311145557       -0.1903713298938548      0.046033615657427376      -0.14242775894294735       -11.019640720358908        10.576375273441151        0.2597906798962322       -1.1447461921722117       0.19395085993643824      0.017414913679221843      0.044495197953290294       0.22648273204524616      0.013119366584143121      -0.07457061265544261      -0.07466088060425886      0.013328121341842303      -0.08707895125455667        0.4094896177870565     0.0014602370272423278     -0.007669161019102104     -0.021484202344948872       0.01880233702693301     -0.003980309449561963      0.004236904634132678      0.010885680255282627       -0.0353202075013472     -0.045632299789984274      0.060001956295465335        0.0141842554000615      -0.09090783831922408       0.01720122808119558      -0.04881363913049862    -0.0016292168996248021     -0.010175822193549388
      -10.293733226320468        -25.10859561224331        -1.330796069447336       -2.2366109584908775         64.23039918749858         2.519119097438216         2.607583222924544       -11.081159242245594      -0.23598966852051145         2.792032495862973        2.4639074803468857      0.060345911840075386        -2.221279848264545       -1.2505791826215367      -0.03256703716547938         1.591097960801319        -5.344988024526526      -0.30130609611966636        0.0635662017635219     -0.002483645684256791     -0.021843465076025022     -0.043330884404400805      -0.06665095425015391     -0.014829812097088788       0.29654461925715153       -0.2004255620441324     -0.010373398654390305        -1.355913231087803        0.3258528875922898       0.01585935199416522        0.4331705053533868        0.1771586998029204       0.10671428813925381      -0.09275778657430853       0.04851537270688084      0.029172797735256724        10.608173201627372       -23.765696203971885       -0.5761297664283792        -2.697893536996703       0.20671243806075623      0.021882490780169423        0.3159902510056813       -0.4157600481534738      -0.08275779721823785      -0.07030666656060527      0.020739016607556983         0.002734893705317         0.283563086716342       -0.3270178454697528      -0.07113225401032135    0.00030510759753521574    -0.0073495526165823595    -0.0010436517774616615      0.013959588951322429     -0.009627158789045716     0.0010204843450569469      0.019212602760041088      0.036934814967727096      -0.10279551746483974     -0.015575717925197153       -0.0415560587732238      0.014548070948712837      0.021815347410407474      0.006252226519424691      0.008103649857682554
     -0.27300687724718087       -1.1569747038150722        -6.070487037566308       0.07236733184779105         2.519119097438216        12.177208973777123        0.2596148538795727       -0.2977583415920149        -5.601584125916392       0.10348622006773751       0.15475083221255578        0.7404126263645655      -0.14232292668798996      -0.06447993487954333       -0.5638742386618292         0.072274717973911       -0.3021156201368403        0.7203873971435665       0.05354354465812554      0.035851474326753986      0.035750101865971814      -0.10760384053754748      -0.00156478234218489      0.009250551941702696       0.21653663912839521      -0.10535628059253055      -0.07966389720920554       -0.4133380402357838    -0.0034792098127948553         0.332529801851129     -0.006142907314093942     -0.045175551809160615       0.11720592869971871     -0.016465569364669443       0.01301134083845344     -0.006266049939986087       0.25142497980755135       -0.7011636884059103       -3.2267310594595227      -0.11079779124427139    -0.0037645411217573058        0.3031427467884532      0.014878801860030669      -0.06198726531714033         0.648308038689221    -0.0033964141843658585       0.00576572254037015      -0.11001805531343559      0.012448563442965547      -0.05065068296295653        0.5897228843470237    -0.0005679654931744758      0.006074347671888192     0.0011572533043967058    -0.0028018636684981773      0.005851963982686118     -0.009199931671367359      0.039534850033491505      0.052994159290853576     0.0013223676906753351   -0.00046683030485351553      0.004510476721596586      0.021026960370474416     0.0006569008593995796       0.00818525345699757     -0.011835782029817629
      -2.9877938528629584        -6.304536447124529       -0.4445245202528445       -32.653491493580624         2.607583222924544        0.2596148538795727         64.03669348293414        1.8660935257746278       -0.0331823640167836       -16.381998616766978        6.4184024325559665        0.4900846458767108         5.213585483563206        1.8403489383236515       0.08328486373371369        -4.025646747787307          2.23117018544342       0.13945785196501145     -0.024016227612820178      0.022218548046254626        0.0353212579207123     -0.009711913529177014     -0.021605554098778495      0.054244022253431286      0.029055716629443736       0.10762309891174413       -0.0466187985605319        0.4952700934857577       -0.1714095898002766      -0.06427095692253518      -0.19044438167865177       -0.0782612440656288     -0.051745209008431596        0.0732522061522276      -0.05059912859838205      0.013991989519091202       -1.1166575410853594       -0.2125446242968189       0.03832655340579669       -11.187609674659363       -10.680969072388109       -0.5798282709642489       -1.1669347582383638        2.6478391968447257       0.19017395797218867       -0.0641338129883548       -0.3996748887442623       -0.0583761638198859      -0.06115115815293077       0.06786186725844308      0.030325649225139254       0.00403393493637028      0.019949359343064292     -0.014373812141512331     0.0014367326052015846     -0.005647543392916637     -0.004196096143088229      -0.03441775922195913       0.04913025562883537     -0.014621732156466762     0.0070812691450920645      0.044085200302769724      -0.00361006404753845   -0.00013857278641558386      0.004904587311076006      -0.00210261871593577
       -2.725693244495605         2.548025488073292        0.1848928976748267       -2.7329081061295444       -11.081159242245594       -0.2977583415920149        1.8660935257746278         65.97650410848551        3.0428548440798644         11.76161050797818        -26.66367251179532       -1.3276822124251009       -1.8498071496672812        -5.583324803654967      -0.38222917755577696        2.4304972063203936        -1.242300027359741      -0.06423357541910558      0.023460143839390272     -0.005702946814254366      0.000281643955096676      -0.01993969269028907       0.03564504059622952     -0.012824311442192414      0.039615225672267274     -0.039440007738109566     -0.045635959004548525      -0.20941688300987985       -0.4733248893287154      -0.06795887832750254      -0.06468833636800497      0.044820793163918314      0.035604643567649454     -0.025420800352426522       0.01887378170694557      -0.06205407218104517        2.6661464623546585       0.23178648336664265       -0.0186787149344964       -10.630591619112923       -23.858370635927326       -1.0110903729877674      -0.26427158367731074        0.3118716513740246      -0.01562515075979111      -0.28878838337664475      -0.32930509891374826      -0.05919492562781062       0.05208593634453398     -0.008428877743904738     -0.006499658063132309      0.001541511040157932    -0.0077081056029581815       0.01461288970217691      0.004345500861264662    -0.0006378597348195395     -0.004997654110443443     0.0021848036116951883     -0.016085474473877513       0.05300725946041805    -0.0018497352579391528      -0.02382317992527141      0.025591334505455074     -0.011755595865574982     -0.000517380743436834      0.004757892035131617
     -0.10462479311758524      0.016472943051005398        0.6098159476391005      -0.12486470895598158      -0.23598966852051145        -5.601584125916392       -0.0331823640167836        3.0428548440798644        12.262874055498623        0.7391398398389128        -1.294224904855747        -5.781025278966352       -0.0832142519884167       -0.3821856883361528        0.7097842843737263       0.11842246506603776     -0.030726778049604754       -0.5641219274892049     -0.015525886809437723      -0.04185667200371319     -0.030519896118471217       0.05318671357651437      0.030647372333147047      0.016996358799121404      -0.08536396905244782     -0.030988673656812606     -0.017551038014063703      -0.07681367502877866       -0.0458218123656588        0.6097491067745857        0.1328836719694628       0.01819280673551053    -0.0012981477015634407     -0.046860081854203206       0.06892341144413547      0.010373666002122027        0.1289323279966948     -0.011648298764099424        0.2955742175375822       -0.5578366660151242       -1.0619317012526974       -3.3200124145900283       -0.0162128151266451     -0.006275739056551727        0.2815146912985714     -0.012675530162743616     -0.054125506107667046        0.6567942132134466      0.003264992212673041      0.006662022147007562      -0.11448184793677234    -0.0010208451104721118      0.003714320411943333    -0.0035508568050604573     -0.003257227071680962     0.0028781732417820526     0.0010048340452176263      -0.01847337876367525      0.019058164410444535     0.0072199491360686666    0.00014971195249605787      -0.00802321241050472      0.009489312516408185      0.006178442446416906    -0.0004487002054872247    0.00023891582841847867
        0.443608779571595      0.001338169263843803    -0.0015194850852353436       -2.9358859553880534         2.792032495862973       0.10348622006773751       -16.381998616766978         11.76161050797818        0.7391398398389128         67.41690376279443      0.013057125120406916    0.00013925671555286973       -16.382940195328732        -11.77197227700624       -0.7412084674855142       -2.9374664783193913        -2.800346003342502      -0.10686629449121123      -0.02028046030138726    -0.0014331789469006005    0.00030686801700543733     -0.026769888117291776      -0.00429812687628579     -0.023937474047906585       0.01956691559424557       -0.0837549632672726     -0.009072994223444387      -0.18157337358100376     -0.001011341576293955     0.0007276880901770375      0.017956370102372766       0.08399915593331851      0.010007792768091817     -0.025867734008452502      0.005047793996988205      0.025213637804464284       -0.5513560547713693     -0.020801228709882044      0.017331382960467337        0.9901562091985238        -1.486108265168624      -0.06580317692830627       -29.986793637205675     0.0061392417390478534     0.0005206028598046373        0.9843614698146013        1.4748885396299378       0.06703616064509146       -0.5575568030273447      0.012606792392080155     -0.015826917289233237     0.0002979926600360569     0.0012170940930852294    0.00033736890953490356     -0.003250907697378308    0.00038955275838191097    -0.0002836964406480521     0.0005209849807100448    -0.0063636764095328265     -0.010115721010249839    -0.0005588028489009216     0.0056096218794131165      0.011211043535312947     -0.001897357716440276    0.00010264160460267308     0.0015751119108755706
     0.002825629137796669        -5.497119280459582       -0.3459560555573583         6.520998173354415        2.4639074803468857       0.15475083221255578        6.4184024325559665        -26.66367251179532        -1.294224904855747      0.013057125120406916         62.30945238495116        3.1491215041470166        -6.403832068654865        -26.67383800974679       -1.2883600185418262        -6.535709216713134         2.463120053799214       0.15307642206547575     -0.002626466380968573      0.029067316768891467       0.03989588771418751     -0.042882099463622245     -0.041081741013811075       0.03344507935931592       0.08903524216373905       0.02102043213523046      -0.04779919678695305     -0.001018441034625677      -0.07380827419932036      -0.03811091601094341      -0.08855609900341699       0.02141547821614073     -0.047252686421269376       0.04128977293334944      -0.03983462773357241      0.034520104737939795      -0.13196130943947204       0.18600570568675845      0.005734414679824827        1.3846896368152684       -1.8207879185350784      -0.18630209782398582     -0.006201524599230585        -5.093582917800767      -0.06634712062709638        -1.396150269937763       -1.8577169847472026       -0.1871885791727992       0.12491681743834636       0.18404825746476375      0.006629810237375302    -0.0009838040126463256      0.016096923009826628       -0.0137303958505016     0.0012075780866331277     -0.001421596972677111    -0.0011133830055312067      -0.01594310396944712       0.04217192249546339     -0.013282171730076852       0.01700296855036109      0.040972772993719216     -0.013258718703582624     0.0003113629053671425    -0.0007583062658570761    -0.0005127061689926644
    0.0005811048672996964      -0.25167861680548215       -0.6589457218006334        0.3467399584226103      0.060345911840075386        0.7404126263645655        0.4900846458767108       -1.3276822124251009        -5.781025278966352    0.00013925671555286973        3.1491215041470166        12.148971959939825       -0.4948525218841057       -1.3336342364074336       -5.7807002322864856       -0.3431911659567064       0.06010886974295695        0.7396252966321567     -0.001485034577893954     -0.002317020719012985    -0.0051878955117153945      0.007898489933322034     -0.008832677608060401       0.00344841617029123      0.003230504179432016      0.008636708772019917      0.012021715367985466      9.98081816827792e-06      0.014195864279690901      -0.12552533208133926     -0.003714380967239266      0.008779506862122031      0.012139284481698459      -0.00910234644885768     -0.009235196647809946      0.004001595485826878     -0.003200187696202463      -0.01931104943451044        0.6877065030232377       0.07575278183741517      -0.11054619182071809       0.28915894996524155     0.0037142251664568507      -0.11215749587749732       -3.1817211212979792      -0.07248156179430765      -0.11292608167976767        0.2889611129883739      0.005646067728540874      -0.01991180884561125        0.6878168858506833     -0.001072703074538017      0.004034716547313159    -0.0051731817185042325     0.0004204295227642036     0.0036911172446849453     -0.001653524288098667     -0.004701528489734329    0.00044215218506903927    -0.0063105325602144475      0.004500737336716545     0.0020732347003214347     -0.006456066524599444    -0.0013101375437833342     0.0017911906051384203      -0.00117720616604017
      -2.9881031717313205         6.292467817635555       0.44483003777064634        -4.027357174686619        -2.221279848264545      -0.14232292668798996         5.213585483563206       -1.8498071496672812       -0.0832142519884167       -16.382940195328732        -6.403832068654865       -0.4948525218841057          64.0117784961355       -1.8262835854417085      0.032579575479228316        -32.64453406778594        -2.619162966787326      -0.25281349662333746     -0.024423717649456434      -0.02555389381815673     -0.036730960394921054       0.07253797685797142      0.050832393425893824     -0.014137947128618392      -0.18936189955897384       0.07938005549849073       0.05097383855955214        0.4954782782456353       0.16968907396422736       0.06399444565072915      0.027402529174361263       -0.1063547767000529       0.04651390290877783     -0.009651127795916894       0.02235012097176067     -0.055207748412388666      -0.06573647348164333      -0.07349974558358571     -0.030502796433580042      -0.06041406500738134       0.39697960961571527       0.05707062055390342        -1.167470718543052       -2.6401589453500605      -0.19054462906031766       -11.176295692251024        10.691676187003289        0.5809635983020737       -1.1340463913853298           0.2078891986089     -0.038086326777387124      0.003825378072880679      -0.01654555060664703      0.013673837970143104     0.0024693803256510406     -0.005268841216757056     0.0018386884899464617      0.009840256968720373     -0.045607068420632585      0.002779075794340041      -0.03720675976683452       -0.0488623763455904      0.013960868572297766     -6.22815788533174e-05      0.006375177195248076     0.0043236991836459295
        2.718429946234661         2.560161794871339       0.18434685221898534        -2.421786420602973       -1.2505791826215367      -0.06447993487954333        1.8403489383236515        -5.583324803654967       -0.3821856883361528        -11.77197227700624        -26.67383800974679       -1.3336342364074336       -1.8262835854417085          65.9920530437164        3.0431265052510006         2.714926192032591        -11.08925053952974       -0.2981043450904914     -0.021813224804010215     -0.006375707231763428    -4.165218686465246e-05      0.027945206245362158      0.015278786245361293      -0.06336369027977477        0.0661970877366805       0.04288768673634641       0.03360570964141351        0.2119646336674336       -0.4707589835978063      -0.06914197656943487      -0.03927441284794975     -0.038418215027876644     -0.045475051545758496      0.023196874143473052       0.03584237958939508     -0.011633511226635921     -0.053797659184121514      0.014770431858725322     -0.006516023344784952        0.2821811921626847      -0.32873754885604395     -0.058469019057530006       0.26197053387476893       0.30276393085871567      -0.01553848647876834         10.65139425885123       -23.818558437443844         -1.01043624663366       -2.6784315788480235       0.23937132251726176      -0.01751107617045485     -0.000555247444515399     -0.011821787349951847      0.014669155581798824      0.013722743466498004    -0.0023915466822135184       0.00559815568959206     0.0029844390154488295     -0.021845108136869688      0.025444337689988463    -0.0014238543903656886     -0.014498839567576837       0.05389110810439436     0.0010016562058995928    -0.0011067976841900647     -0.002983865406980913
      0.10395171325885262      0.016230279771248298        0.6094538128502821      -0.11869095590589214      -0.03256703716547938       -0.5638742386618292       0.08328486373371369      -0.38222917755577696        0.7097842843737263       -0.7412084674855142       -1.2883600185418262       -5.7807002322864856      0.032579575479228316        3.0431265052510006        12.259522971594807        0.1205207339094976      -0.23616653280559063         -5.60403591053301      0.018539535611288474      -0.04138338198950292     -0.030252448131349776      0.045722404714125565        0.0692469420068101      0.010268728577284869      -0.13384090413406916       0.01807037523492684    -0.0011455815902927462       0.07743347061707653     -0.045638056996215294        0.6099965533180797       0.08501609215405717     -0.031159220868833753     -0.017587948218826543      -0.05449785516415637      0.030503638034535874       0.01732626884875464     -0.004387379831850007      0.007846405466208461      -0.11376460984472105      0.021971878598047802      -0.05548247040438507         0.656648781185935      0.016391874505682205     -0.006079232526726283         0.280807950284194        0.5646393368445688        -1.067187183756088       -3.3190559366355865      -0.11173422137632302      -0.01156631332861887        0.2966469737161059     0.0006917518805160197      0.004510018290406045    -0.0034498568681776993     -0.006857891713744035     0.0017510189348130037   -0.00014268713516572278   -0.00024287285839049707     -0.010346006088471738      0.009350963108420537       0.01786930142124041      0.021012194472671008      0.007524734550441087      0.002435917980880109     0.0009138791614652477     0.0019783284813944353
      -15.079831794189289          5.74214358273562        0.2392698015798846         4.958393944592538         1.591097960801319         0.072274717973911        -4.025646747787307        2.4304972063203936       0.11842246506603776       -2.9374664783193913        -6.535709216713134       -0.3431911659567064        -32.64453406778594         2.714926192032591        0.1205207339094976          65.1475715772825         2.262704351677033      -0.07118576790662792      0.014868649761049811       0.06643456673110315      0.060044230565644556      -0.19044842826178232     -0.043762941928369374       0.14242823810478272      -0.12174099790917159      -0.30723867989202885      -0.30577819412644186       -2.7685031733407595        2.8879285098761867       0.24410702532822715      -0.07232173284174724       0.36352319684922596        0.0511618621551905      0.028336364480857624     -0.031007920236256415        0.0888301127363028      -0.09323749109591715       -0.3996937762516825    -0.0011021182691681062      -0.07624343775088267        0.0763612564176609     -0.012714908974901294       0.04330078396032244      -0.23436548099659915     -0.013573893136848267       -1.1474840171321192      -0.20032009446823157     -0.013661504889788132       -11.005752624178857       -10.575834012846155       -0.2602592456905927     -0.008763616511261361      0.015009700622212544     -0.019134594855803187      -0.05084262724821648     -0.001636929221371014      0.010306900768959102       0.01156036511273663       0.09223152563682648     -0.017446681537026994      -0.03767468902521592      0.043224302688897015      -0.06051700274144872    -0.0052708597376947865     -0.006472129412510251      -0.01026703775665266
       10.284452431649509        -25.09794667390988       -1.3335721635717666       -1.5923666378384922        -5.344988024526526       -0.3021156201368403          2.23117018544342        -1.242300027359741     -0.030726778049604754        -2.800346003342502         2.463120053799214       0.06010886974295695        -2.619162966787326        -11.08925053952974      -0.23616653280559063         2.262704351677033         64.20850767747963        2.5186255120944523       -0.0643701704520941    -0.0024969147812356433      -0.02184005295230931        0.0956045941737795       0.04723810859816997      0.028261082996320176       -0.4369621006702901       0.18112156181176994       0.10780091660601361        1.3576014381470531        0.3301312243476037      0.015402599697822922       -0.2965009919406291      -0.20063310595577077     -0.013444860911777911       0.04345111225198992      -0.06689097845395632     -0.015479550631339538      -0.29184072815285717       -0.3165385637530352      -0.07159656009622817       0.06891177306240726      0.010838438066877756      0.002776836742373072       -0.3134611789526636       -0.4321323459388806      -0.08426163703123792         2.685377594704103       0.21175184130040436      0.022653754703286098       -10.559719220985793        -23.80175847745824       -0.5796975040366269     0.0018120376923433086     -0.008756966126859944    -0.0020518409125663347      -0.02219973641124873       0.00529716030525796      0.007627967986863352      0.009569905146815116      -0.04158308300716632      0.013230304369595238     -0.018840554669901227       0.03652619873268535      -0.10251520985575331     -0.006730575406235325      -0.00803709120124345     0.0025774922102643227
      0.27130661103601744       -1.1526382071333559       -6.0730080465704175      -0.07139705370361434      -0.30130609611966636        0.7203873971435665       0.13945785196501145      -0.06423357541910558       -0.5641219274892049      -0.10686629449121123       0.15307642206547575        0.7396252966321567      -0.25281349662333746       -0.2981043450904914         -5.60403591053301      -0.07118576790662792        2.5186255120944523        12.175007767210882      -0.04327326654518237      0.035368593212668185      0.036011878542754894      0.016423986471977903       0.01395578945674075     -0.006081101826158595      0.005659233002877628     -0.045484188056200484       0.11667770511546406       0.41201908511581353    -0.0011345372785740153         0.331426726584388      -0.21745788157041063      -0.10581874646374233      -0.07871336495567745       0.10778807261158613     -0.002043129848136249      0.010412363603392722     -0.013544993748492504      -0.05245705233870972        0.5898573946073454      0.002341518741291469     0.0047911160526314415      -0.10864762395983073      -0.01613522849504471      -0.06400770056101604        0.6480808612619392       0.13018548781118147    -0.0030791164458903626        0.3031480731324596       -0.2527996069455092       -0.7005888471567272       -3.2245252256728865      0.007144785640761144      0.006327571821139146     0.0016707325421361522    -0.0019598865918706025       0.00990103882267892      -0.01161787516322008     -0.002638941067368114     0.0025779912168863244      0.021639755593506026     -0.042344165486754945      0.054036759808715557      0.002308155343625328      0.004462501897506459      0.003389953721457668     -0.007443962961025926
     -0.17993292249322887     -0.002129678270352865     0.0039988910472833735      0.017617806635717177        0.0635662017635219       0.05354354465812554     -0.024016227612820178      0.023460143839390272     -0.015525886809437723      -0.02028046030138726     -0.002626466380968573     -0.001485034577893954     -0.024423717649456434     -0.021813224804010215      0.018539535611288474      0.014868649761049811       -0.0643701704520941      -0.04327326654518237          67.4194858858191      0.017062259032094823     -0.002448882124516308       -16.391409712004474        -8.948137549172351        -7.688997307357911       -2.9457373325324063        -2.080926828615977       -1.8724717595407459        0.4398668121517367      0.001770818982696068    0.00048644312945256675       -2.9376757565511493        2.0717457423627508         1.867448374293374        -16.39133840633455         8.940513449912558         7.679275746703783       0.01602527747561174      0.015242934893636947   -1.3445986136479445e-05    -0.0002684833588789652     0.0051751770331425655    -0.0011370347804546238     0.0037493407109124286     0.0019078737293154711    -0.0010040626849100636    0.00036585371664009034    -0.0032927139169268925    -6.084748649855946e-05     0.0003617400797396262     -0.012530106677428142     0.0020825553752227845       -29.980125759098502      0.004124918436479584    -0.0008708528315741359        0.9847337943871549        1.0937408174378849         0.976174230866491         -0.56016878592042     -0.008567012458030477    -0.0004893704553248378       -0.5594260238888006     -0.003750859940488288     -0.003252537406023688        0.9925912618549393       -1.1124193784704817       -0.9722681481180647
   4.4972409797582965e-06      -0.11380180772383112      0.053630643502142764      -0.06526812218877537     -0.002483645684256791      0.035851474326753986      0.022218548046254626     -0.005702946814254366      -0.04185667200371319    -0.0014331789469006005      0.029067316768891467     -0.002317020719012985      -0.02555389381815673     -0.006375707231763428      -0.04138338198950292       0.06643456673110315    -0.0024969147812356433      0.035368593212668185      0.017062259032094823        41.010538851689404         24.97238519926561        -4.933088257096539        -17.81018559227013         -10.4351004600591        -4.922137165698564        1.7317196678689553        0.8182875681927451     0.0008614690917099675       -3.4437477781098136       -2.3459092607468324          4.91030510258501        1.7377879148888293        0.8219811997324455         4.939907331054481       -17.802755431183094       -10.422099630311246      0.008468080444452878      0.011515004912501875      0.031755705107501454    -0.0012578980282917612      0.000131781028668763     0.0024892805104185733    -0.0005310089630900503     0.0005861758891840787       0.02046947487058159      0.002266328195696306    -0.0007949021728962715      0.002477255376232901     -0.017386205066578914      0.012442189540977804      0.031595892435230456     -0.006259251621494897        -4.273463918499287       -0.9030718184158624       -1.0570398015231142       -0.9650838101161953       -1.0035335278950877       0.08298810920437746       0.42025831437522937      -0.26892577473315377      -0.09439751975982578        0.4294184784221467       -0.2683619772621949        1.0641299144038254       -0.9287644367438505       -1.0107771055997803
   -0.0004242641410096666      0.003109351426638662       -0.0880358201681164     -0.060321606785994415     -0.021843465076025022      0.035750101865971814        0.0353212579207123      0.000281643955096676     -0.030519896118471217    0.00030686801700543733       0.03989588771418751    -0.0051878955117153945     -0.036730960394921054    -4.165218686465246e-05     -0.030252448131349776      0.060044230565644556      -0.02184005295230931      0.036011878542754894     -0.002448882124516308         24.97238519926561         33.47242942395518        -4.121236076110736        -10.39807708759116       -14.653929442111997        -4.301632352521778        0.9006229931448113        1.4718519079496537    -0.0007822432452335328        -2.444477110149377        -2.695208623042832         4.296758941980182        0.9005054643298374        1.4719886789210392         4.136891839367059       -10.395739308598545       -14.652539021110043      0.006435581199399263       0.02067793207511673      0.018982002332413272    -0.0007686532856194848     0.0004446316998561399     -0.005139150463473239    -0.0005095660577073927     0.0036737394280549336      0.006655745626055327    -0.0030011995160408953     0.0004534752931054696     -0.005188491327089216     -0.010112333175277752      0.018795330290584417      0.018607561430776697    -0.0013250211815229453       -0.9393155657329806        -3.983675644588676       -0.9075542370130489       -1.1085621800052896       -0.5946506863573228       0.08183706223255506      -0.23853583409278944        0.4450222642952795       -0.0887617500757897      -0.23016964097702391       0.44552693866439186        0.9270716113775785       -1.0765584471087932       -0.6020567840409695
      0.49753930663125195       0.16784216260773402       0.06904969294863518      0.027820044259489054     -0.043330884404400805      -0.10760384053754748     -0.009711913529177014      -0.01993969269028907       0.05318671357651437     -0.026769888117291776     -0.042882099463622245      0.007898489933322034       0.07253797685797142      0.027945206245362158      0.045722404714125565      -0.19044842826178232        0.0956045941737795      0.016423986471977903       -16.391409712004474        -4.933088257096539        -4.121236076110736          64.0490766317946       -1.2920746452330838       -1.3131382550098833        -32.66270552601875       -2.0599415138830737       -1.6428980891278018        -2.986876751362096         4.815767739915447         4.061066362152202        -4.035260307820988       -1.6881574057975015       -1.4650515645507172        5.2179039298499985       -1.3870347637896325       -1.2338658462892538     -0.030532914508578982     -0.024082471738780024      -0.04343250974945644     0.0007865328139002625      0.007391454935837035     0.0024439516315695044     0.0034883417395138207     -0.000960330484881467      -0.02304816441199885    -0.0003207402435026023     0.0015881023132202079     -0.006433186964203199      0.009369010917964429      -0.02818524752164667      -0.03550972452158617       -1.1603631099634042       -2.0118417272610998       -1.7300366800258036       -11.185207320960128         8.107974360829223          7.00662994344254       -1.1111197260452979       0.13408755316478346       0.18470250269776672       -0.0698583054803031      -0.06436463095724322     -0.020590890798506206      -0.05855682144381276        0.3297402840836806        0.2505621404101358
      0.20576904017516504     -0.001867228309760116       -0.5271251310567213       0.03157279601505491      -0.06665095425015391      -0.00156478234218489     -0.021605554098778495       0.03564504059622952      0.030647372333147047      -0.00429812687628579     -0.041081741013811075     -0.008832677608060401      0.050832393425893824      0.015278786245361293        0.0692469420068101     -0.043762941928369374       0.04723810859816997       0.01395578945674075        -8.948137549172351        -17.81018559227013        -10.39807708759116       -1.2920746452330838         42.87724398257936         26.79723093847842          2.04597517156265        -8.686157481704987        -2.703972126391102        2.0205716952449495         1.713211608521493        0.8791142100788515       -1.8142961677407252       -0.9640560778530972       -0.3207934713406922        1.3773763035890147         -2.89619520250723        -3.143031377860569      0.005157799358882489        0.0335195356280208     -0.031197289504823603    -0.0012387719088605554   -0.00018403634722311557    -0.0009854234706563893    -0.0010326081416075397     0.0010143625802240038     -0.009163336476177836     0.0038154731117662917     -7.96144065838846e-05    -0.0027025118059824087    -0.0006672175543658437       0.00083255674277176      -0.03148482067966955       0.20134941656937047       0.28780425333684734     -0.009016353043485107         7.998935050555166        -14.85296395902123       -10.214732197741442       -2.0171217942048583       0.24895919531934738     -0.017266953731145288     -0.042230391976938474      -0.04860953787649323      0.055796378884189125       0.21854557357585308       0.08940441493828374       -0.5030043020073631
