        61.63556796828376      0.016856001731415365     7.773823327069466e-05        -15.07867355142324       -10.293733226320468      -0.27300687724718087       -2.9877938528629584        -2.725693244495605      -0.10462479311758524         0.443608779571595      0.002825629137796669     0.0005811048672996964       -2.9881031717313205         2.718429946234661       0.10395171325885262       -15.079831794189289        10.284452431649509       0.27130661103601744        0.8992101519550019        1.4102462966959566      -0.07589565732800484       -0.5453326773870026       0.03843708828433289     -0.023491768912774318       0.06268383357255573      -0.00791750131010451     9.669452767991442e-05       -0.5467608908600367      -0.03994220828778802      0.024188128169125214        0.9029856428908263        -1.404478187323627       0.07744544162745269
     0.016856001731415365         62.40752611873751         4.632208662189344        -5.735773255876958        -25.10859561224331       -1.1569747038150722        -6.304536447124529         2.548025488073292      0.016472943051005398      0.001338169263843803        -5.497119280459582      -0.25167861680548215         6.292467817635555         2.560161794871339      0.016230279771248298          5.74214358273562        -25.09794667390988       -1.1526382071333559       -1.2399166643625825       -1.9462067206897262      -0.18543387670065922       0.11700583894918153        0.1958948285729918     -0.033405782619474966     -0.003428260772745035      -0.11080666829445542      0.027418296410969458      -0.12144516159757869         0.194095079114474       -0.0323824495943896        1.2232539380317835       -1.9150050756614827      -0.18630476939581517
    7.773823327069466e-05         4.632208662189344         15.49538148966801      -0.23236228614189008        -1.330796069447336        -6.070487037566308       -0.4445245202528445        0.1848928976748267        0.6098159476391005    -0.0015194850852353436       -0.3459560555573583       -0.6589457218006334       0.44483003777064634       0.18434685221898534        0.6094538128502821        0.2392698015798846       -1.3335721635717666       -6.0730080465704175     -0.039275132106767585      -0.09549872614956052       0.29280638370041556      0.026917807433204707      -0.03145243052287873        0.6904633229798665   -2.3056383855453354e-05    -0.0022856450908403454      -0.10189360933698487      -0.02882838989290255     -0.030203896022838742        0.6909565347184061      0.037912657239347364      -0.08824441745339087       0.29346782587600023
       -15.07867355142324        -5.735773255876958      -0.23236228614189008         65.12486306340728       -2.2366109584908775       0.07236733184779105       -32.653491493580624       -2.7329081061295444      -0.12486470895598158       -2.9358859553880534         6.520998173354415        0.3467399584226103        -4.027357174686619        -2.421786420602973      -0.11869095590589214         4.958393944592538       -1.5923666378384922      -0.07139705370361434       -11.021910486076681        10.575955430767257       0.25975716658302456        -1.144757484670712       0.19393154987505107      0.017443600366894792       0.04449214041656729        0.2264881902238123      0.013111545776506478      -0.07457608606759179       -0.0746602274109973      0.013328698224818726      -0.08707825990615256        0.4094899878065174      0.001460111884069506
      -10.293733226320468        -25.10859561224331        -1.330796069447336       -2.2366109584908775         64.23039918749858         2.519119097438216         2.607583222924544       -11.081159242245594      -0.23598966852051145         2.792032495862973        2.4639074803468857      0.060345911840075386        -2.221279848264545       -1.2505791826215367      -0.03256703716547938         1.591097960801319        -5.344988024526526      -0.30130609611966636        10.607901370297101        -23.76554002913619       -0.5761735803487504       -2.6978848567017697        0.2067204802536417      0.021849832825530963        0.3159933431382985      -0.41576648284742374      -0.08275208704488686      -0.07030410603732519       0.02073864929312481     0.0027356350255682885        0.2835616521968774      -0.32701860017277795      -0.07113200030709727
     -0.27300687724718087       -1.1569747038150722        -6.070487037566308       0.07236733184779105         2.519119097438216        12.177208973777123        0.2596148538795727       -0.2977583415920149        -5.601584125916392       0.10348622006773751       0.15475083221255578        0.7404126263645655      -0.14232292668798996      -0.06447993487954333       -0.5638742386618292         0.072274717973911       -0.3021156201368403        0.7203873971435665       0.25262354772811124       -0.7009139917565375        -3.226678218431056      -0.11081702186323485    -0.0037712350713588155        0.3031289941374769      0.014879670459003801      -0.06199459637220074        0.6483172262482332    -0.0033944900546950007      0.005765440505529013      -0.11001738873740015      0.012448369250374272      -0.05065028959482626        0.5897230959087469
      -2.9877938528629584        -6.304536447124529       -0.4445245202528445       -32.653491493580624         2.607583222924544        0.2596148538795727         64.03669348293414        1.8660935257746278       -0.0331823640167836       -16.381998616766978        6.4184024325559665        0.4900846458767108         5.213585483563206        1.8403489383236515       0.08328486373371369        -4.025646747787307          2.23117018544342       0.13945785196501145       -1.1128565646498498       -0.2126426101198088        0.0382975194778524       -11.187633278313248       -10.680962731088837       -0.5798187165179144        -1.166935209266318         2.647826961572516       0.19017388223138326       -0.0641317864947007       -0.3996788063377623      -0.05837754366929543      -0.06115175511006802       0.06786223998293277      0.030325834448424623
       -2.725693244495605         2.548025488073292        0.1848928976748267       -2.7329081061295444       -11.081159242245594       -0.2977583415920149        1.8660935257746278         65.97650410848551        3.0428548440798644         11.76161050797818        -26.66367251179532       -1.3276822124251009       -1.8498071496672812        -5.583324803654967      -0.38222917755577696        2.4304972063203936        -1.242300027359741      -0.06423357541910558         2.667408644721403       0.23167313312264282     -0.018652397709650836        -10.63058750647261       -23.858379467276762        -1.011095976098927      -0.26427449144086224       0.31187128192404345     -0.015616586781094023      -0.28879391274017835        -0.329302976462758     -0.059195257207389114       0.05208670556929252     -0.008428772959632612     -0.006499657778392439
     -0.10462479311758524      0.016472943051005398        0.6098159476391005      -0.12486470895598158      -0.23598966852051145        -5.601584125916392       -0.0331823640167836        3.0428548440798644        12.262874055498623        0.7391398398389128        -1.294224904855747        -5.781025278966352       -0.0832142519884167       -0.3821856883361528        0.7097842843737263       0.11842246506603776     -0.030726778049604754       -0.5641219274892049        0.1290696100572801        -0.011661477521868        0.2955558185014087       -0.5578424524987603       -1.0619144719279094       -3.3200086809384843      -0.01621499367138971    -0.0062836568181140725        0.2815053573832661     -0.012673883227336107      -0.05412431091206314        0.6567929908251852     0.0032655858953017855      0.006662123941511051       -0.1144820567934669
        0.443608779571595      0.001338169263843803    -0.0015194850852353436       -2.9358859553880534         2.792032495862973       0.10348622006773751       -16.381998616766978         11.76161050797818        0.7391398398389128         67.41690376279443      0.013057125120406916    0.00013925671555286973       -16.382940195328732        -11.77197227700624       -0.7412084674855142       -2.9374664783193913        -2.800346003342502      -0.10686629449121123       -0.5493190305826732     -0.020674643329619373      0.017347012189556282        0.9901480572384184        -1.486117636669592      -0.06579371260214055        -29.98679395227035      0.006140952313816285     0.0005406270487855115        0.9843678281982663        1.4748865777722342       0.06703490465752533       -0.5575579280345706      0.012606973771377284      -0.01582697765408566
     0.002825629137796669        -5.497119280459582       -0.3459560555573583         6.520998173354415        2.4639074803468857       0.15475083221255578        6.4184024325559665        -26.66367251179532        -1.294224904855747      0.013057125120406916         62.30945238495116        3.1491215041470166        -6.403832068654865        -26.67383800974679       -1.2883600185418262        -6.535709216713134         2.463120053799214       0.15307642206547575      -0.13159031374789135       0.18610216459219606     0.0057479705755510875        1.3847054790297801       -1.8207699693878998       -0.1862837221364817      -0.00620385006974807        -5.093579699955497      -0.06634587346646623       -1.3961432483949412        -1.857723128721745       -0.1871874682601968       0.12491588833215085        0.1840482136148238     0.0066296709995789195
    0.0005811048672996964      -0.25167861680548215       -0.6589457218006334        0.3467399584226103      0.060345911840075386        0.7404126263645655        0.4900846458767108       -1.3276822124251009        -5.781025278966352    0.00013925671555286973        3.1491215041470166        12.148971959939825       -0.4948525218841057       -1.3336342364074336       -5.7807002322864856       -0.3431911659567064       0.06010886974295695        0.7396252966321567    -0.0036957452641603857      -0.01922619695327985        0.6877039860651576       0.07574692032482332      -0.11054659330393465       0.28919716248289207     0.0037133394830915233      -0.11217800569032632        -3.181739312189308      -0.07248669565416196      -0.11292846110849049        0.2889661719616425      0.005644516892839456     -0.019911846573644015        0.6878167560093026
      -2.9881031717313205         6.292467817635555       0.44483003777064634        -4.027357174686619        -2.221279848264545      -0.14232292668798996         5.213585483563206       -1.8498071496672812       -0.0832142519884167       -16.382940195328732        -6.403832068654865       -0.4948525218841057          64.0117784961355       -1.8262835854417085      0.032579575479228316        -32.64453406778594        -2.619162966787326      -0.25281349662333746      -0.06498141139949397      -0.07368025471567044     -0.030552324798400348      -0.06041594970058021        0.3969740449444378      0.057075140941708034       -1.1674705610819036       -2.6401531649883316       -0.1905466464422959       -11.176287677820275        10.691685752412107        0.5809657768468183       -1.1340440149463757       0.20788923235057458      -0.03808674748054489
        2.718429946234661         2.560161794871339       0.18434685221898534        -2.421786420602973       -1.2505791826215367      -0.06447993487954333        1.8403489383236515        -5.583324803654967       -0.3821856883361528        -11.77197227700624        -26.67383800974679       -1.3336342364074336       -1.8262835854417085          65.9920530437164        3.0431265052510006         2.714926192032591        -11.08925053952974       -0.2981043450904914      -0.05472157215149228      0.014722393110534401     -0.006527074241505756         0.282177256488203        -0.328739306270521     -0.058462218045737396       0.26197027248356825       0.30276253307069434     -0.015555331119991961         10.65138955053511       -23.818560949703716       -1.0104381377335059        -2.678436215836805       0.23937107650201417     -0.017511069194328033
      0.10395171325885262      0.016230279771248298        0.6094538128502821      -0.11869095590589214      -0.03256703716547938       -0.5638742386618292       0.08328486373371369      -0.38222917755577696        0.7097842843737263       -0.7412084674855142       -1.2883600185418262       -5.7807002322864856      0.032579575479228316        3.0431265052510006        12.259522971594807        0.1205207339094976      -0.23616653280559063         -5.60403591053301    -0.0040759763510514035      0.007797417252921359       -0.1137704078603219       0.02198447079168438      -0.05548385765703123        0.6566471358165968      0.016389509171582935     -0.006066247961548979       0.28080788636009313        0.5646418236202226       -1.0671828111482757        -3.319057437499441       -0.1117347048646221     -0.011566010934877035        0.2966469567740836
      -15.079831794189289          5.74214358273562        0.2392698015798846         4.958393944592538         1.591097960801319         0.072274717973911        -4.025646747787307        2.4304972063203936       0.11842246506603776       -2.9374664783193913        -6.535709216713134       -0.3431911659567064        -32.64453406778594         2.714926192032591        0.1205207339094976          65.1475715772825         2.262704351677033      -0.07118576790662792      -0.09316911167037996      -0.39968759924731484    -0.0011005580370509823      -0.07625358075452829       0.07635651023113943     -0.012737684889984894       0.04329962620801142      -0.23441151659980533      -0.01356215060698347       -1.1474772058696912       -0.2003187170391109     -0.013663842888859894       -11.005745788713542       -10.575834170876782       -0.2602590641689257
       10.284452431649509        -25.09794667390988       -1.3335721635717666       -1.5923666378384922        -5.344988024526526       -0.3021156201368403          2.23117018544342        -1.242300027359741     -0.030726778049604754        -2.800346003342502         2.463120053799214       0.06010886974295695        -2.619162966787326        -11.08925053952974      -0.23616653280559063         2.262704351677033         64.20850767747963        2.5186255120944523      -0.29161495890660194        -0.316480580464888      -0.07156756147602775       0.06889401326724177      0.010832650729022012     0.0027831894312405057       -0.3134622037314554      -0.43216277594640706      -0.08425677253530052        2.6853919968467226       0.21175431568987377       0.02265190133147291       -10.559717027349835       -23.801757768740703       -0.5796977846477686
      0.27130661103601744       -1.1526382071333559       -6.0730080465704175      -0.07139705370361434      -0.30130609611966636        0.7203873971435665       0.13945785196501145      -0.06423357541910558       -0.5641219274892049      -0.10686629449121123       0.15307642206547575        0.7396252966321567      -0.25281349662333746       -0.2981043450904914         -5.60403591053301      -0.07118576790662792        2.5186255120944523        12.175007767210882     -0.012140991706596204      -0.05277631165014896        0.5898372223536322     0.0023393208342357007      0.004789465557975559      -0.10863090602784921      -0.01613356618368423      -0.06398402230528472          0.64807724819773       0.13017677135428404    -0.0030800553756113627       0.30314880320548604      -0.25280276499540627       -0.7005891803023749       -3.2245248949475274
        0.899210151955002       -1.2399166643625825     -0.039275132106767585       -11.021910486076681        10.607901370297101       0.25262354772811124       -1.1128565646498498        2.6674086447214025       0.12906961005728013       -0.5493190305826732      -0.13159031374789135    -0.0036957452641603866      -0.06498141139949395      -0.05472157215149227     -0.004075976351051404      -0.09316911167037994        -0.291614958906602     -0.012140991706596205        11.952205497072798        -11.56545171098029       -0.4196329954012277       0.10258713361534737      -0.02835387325151828     -0.001792265196111594      -0.07297953430979646         0.137270606197264      0.008279608311459396     -0.004150478780235575      0.017766379302274676     0.0035568135910628586       0.04440689274014457      -0.07211568599878955     0.0029553858184964378
       1.4102462966959566       -1.9462067206897262      -0.09549872614956052        10.575955430767257        -23.76554002913619       -0.7009139917565375      -0.21264261011980878       0.23167313312264282        -0.011661477521868      -0.02067464332961937       0.18610216459219603      -0.01922619695327985      -0.07368025471567043      0.014722393110534403      0.007797417252921359      -0.39968759924731484        -0.316480580464888      -0.05277631165014897        -11.56545171098029        25.643100937128725        0.8253728268305948      0.029134678475485166       0.08086377561340312       0.02145968707436415     -0.019566275142773558    -0.0042481813261090115    -0.0008826812740599941      0.025424754431133182     -0.007328020849889502       0.00235494063889312       0.07895541448508596      -0.12066284455745482     -0.015990073446729987
     -0.07589565732800482      -0.18543387670065922       0.29280638370041556       0.25975716658302456       -0.5761735803487504        -3.226678218431056        0.0382975194778524     -0.018652397709650832        0.2955558185014087      0.017347012189556282      0.005747970575551088        0.6877039860651576     -0.030552324798400345     -0.006527074241505756      -0.11377040786032191    -0.0011005580370509823      -0.07156756147602775        0.5898372223536322       -0.4196329954012277        0.8253728268305948        2.3857549739631607       0.01151888938113345      0.028905218561010384       -0.3857441793292978     0.0017054313063338154    -0.0006803272159183736       0.00668281300114878     0.0020289711150318405     0.0015552964715180393      -0.11639182260550623     -0.003024821741735773     -0.016444971631235324      0.011805593996912932
      -0.5453326773870026       0.11700583894918154       0.02691780743320471        -1.144757484670712       -2.6978848567017697      -0.11081702186323485        -11.18763327831325       -10.630587506472612       -0.5578424524987603        0.9901480572384184        1.3847054790297801       0.07574692032482332      -0.06041594970058021       0.28217725648820297       0.02198447079168438      -0.07625358075452829       0.06889401326724176     0.0023393208342357007       0.10258713361534737      0.029134678475485166       0.01151888938113345        11.954755634687082         11.61709086926931        0.5915446739989944        0.0814369270710358      -0.04764108597117153     -0.007733335415422637      0.029289310413596687       0.07918197186515097     0.0036560613369599126     -0.005952850528985296     -0.030696981613513613     -0.006913473399731061
      0.03843708828433289        0.1958948285729918      -0.03145243052287874        0.1939315498750511       0.20672048025364173     -0.003771235071358815       -10.680962731088837       -23.858379467276762       -1.0619144719279097       -1.4861176366695923       -1.8207699693878998      -0.11054659330393465       0.39697404494443783      -0.32873930627052106      -0.05548385765703124       0.07635651023113943      0.010832650729022012      0.004789465557975559      -0.02835387325151828       0.08086377561340312      0.028905218561010384         11.61709086926931        25.620633900565863        1.2194451610967518      0.017807290086564738       0.09260858222914405      0.016249914761129965      -0.07667054513060564      -0.11288478458219203     -0.012579152762752245     -0.023891042422179137     -0.020553669877331697     0.0006683501731835937
     -0.02349176891277432     -0.033405782619474966        0.6904633229798665      0.017443600366894792      0.021849832825530963       0.30312899413747685       -0.5798187165179144       -1.0110959760989269        -3.320008680938484      -0.06579371260214055      -0.18628372213648173       0.28919716248289207       0.05707514094170803       -0.0584622180457374        0.6566471358165968     -0.012737684889984894     0.0027831894312405053      -0.10863090602784921     -0.001792265196111594       0.02145968707436415       -0.3857441793292978        0.5915446739989944        1.2194451610967518         2.418963268189547       0.00805608466242167       0.02669775574703256       -0.3645799621328143     -0.007216511643818381     -0.011658643515585036      0.005785628087438302     -0.004850415869198907     0.0023153920145171135      -0.11652701781216358
      0.06268383357255573     -0.003428260772745035   -2.3056383855453358e-05       0.04449214041656729       0.31599334313829847      0.014879670459003801       -1.1669352092663179      -0.26427449144086224      -0.01621499367138971        -29.98679395227035      -0.00620385006974807     0.0037133394830915233       -1.1674705610819038        0.2619702724835683       0.01638950917158294       0.04329962620801142       -0.3134622037314554     -0.016133566183684226      -0.07297953430979646     -0.019566275142773558     0.0017054313063338154        0.0814369270710358      0.017807290086564738       0.00805608466242167         32.27595077701817       0.00800447485790135     0.0002545856546159258       0.08525252712434853     -0.020316328968432436      -0.00630853899440318      -0.07194881932650465      0.007954294605710368     -0.002487017564675381
     -0.00791750131010451      -0.11080666829445543    -0.0022856450908403454        0.2264881902238123      -0.41576648284742374      -0.06199459637220074         2.647826961572516       0.31187128192404345    -0.0062836568181140725      0.006140952313816286        -5.093579699955497      -0.11217800569032634        -2.640153164988331       0.30276253307069434     -0.006066247961548978       -0.2344115165998053       -0.4321627759464071      -0.06398402230528472         0.137270606197264    -0.0042481813261090115    -0.0006803272159183736      -0.04764108597117153       0.09260858222914405       0.02669775574703256       0.00800447485790135         5.292737340225223       0.19766173361911138       0.04903436402365372       0.08449574605911532      0.026218517476069514        -0.145585917269851     -0.007831365396048175    -0.0010568156862878373
    9.669452767991442e-05      0.027418296410969458      -0.10189360933698487      0.013111545776506478      -0.08275208704488686        0.6483172262482332       0.19017388223138326     -0.015616586781094021        0.2815053573832661     0.0005406270487855116      -0.06634587346646623        -3.181739312189308       -0.1905466464422959     -0.015555331119991961       0.28080788636009313      -0.01356215060698347      -0.08425677253530052          0.64807724819773      0.008279608311459396    -0.0008826812740599941       0.00668281300114878     -0.007733335415422637      0.016249914761129965       -0.3645799621328143     0.0002545856546159258       0.19766173361911138        2.3611596852143606      0.014403207546815365      0.015195309620302314      -0.36487099735055506      -0.00784011156225686    -0.0008445761836710856      0.006533729100319439
      -0.5467608908600367      -0.12144516159757868     -0.028828389892902553      -0.07457608606759179       -0.0703041060373252    -0.0033944900546950007      -0.06413178649470071      -0.28879391274017835     -0.012673883227336107        0.9843678281982663       -1.3961432483949412      -0.07248669565416196       -11.176287677820275         10.65138955053511        0.5646418236202226       -1.1474772058696912        2.6853919968467226       0.13017677135428404     -0.004150478780235575      0.025424754431133182     0.0020289711150318405      0.029289310413596687      -0.07667054513060564     -0.007216511643818381       0.08525252712434853       0.04903436402365372      0.014403207546815365        11.948770286496105       -11.607165078225458        -0.595897687980265        0.0978619689008508       -0.0379253030563434     -0.005282766052825774
     -0.03994220828778803         0.194095079114474     -0.030203896022838742       -0.0746602274109973       0.02073864929312481      0.005765440505529013       -0.3996788063377623        -0.329302976462758     -0.054124310912063135        1.4748865777722342        -1.857723128721745      -0.11292846110849047        10.691685752412107       -23.818560949703716        -1.067182811148276       -0.2003187170391109        0.2117543156898738    -0.0030800553756113623      0.017766379302274676     -0.007328020849889502     0.0015552964715180393       0.07918197186515097      -0.11288478458219203     -0.011658643515585036     -0.020316328968432436       0.08449574605911532      0.015195309620302314       -11.607165078225458        25.663441534666816        1.2224467979916576      0.022777748757352893       0.08525376658387368       0.02897507170681582
     0.024188128169125214       -0.0323824495943896        0.6909565347184061      0.013328698224818726      0.002735635025568288      -0.11001738873740015     -0.058377543669295436     -0.059195257207389114        0.6567929908251852       0.06703490465752533      -0.18718746826019683       0.28896617196164254        0.5809657768468183        -1.010438137733506        -3.319057437499441     -0.013663842888859894       0.02265190133147291       0.30314880320548604     0.0035568135910628586       0.00235494063889312      -0.11639182260550623     0.0036560613369599126     -0.012579152762752245      0.005785628087438302      -0.00630853899440318      0.026218517476069514      -0.36487099735055506        -0.595897687980265        1.2224467979916576        2.4220466059323487      0.010938718265184472        0.0217644670865603       -0.3857901396367186
       0.9029856428908263        1.2232539380317835       0.03791265723934737      -0.08707825990615255        0.2835616521968774      0.012448369250374272     -0.061151755110068026       0.05208670556929252      0.003265585895301785       -0.5575579280345706       0.12491588833215085      0.005644516892839456       -1.1340440149463757        -2.678436215836805       -0.1117347048646221       -11.005745788713542       -10.559717027349835       -0.2528027649954062       0.04440689274014457       0.07895541448508596     -0.003024821741735773     -0.005952850528985296     -0.023891042422179137     -0.004850415869198907      -0.07194881932650465        -0.145585917269851      -0.00784011156225686        0.0978619689008508      0.022777748757352893      0.010938718265184472          11.9836329281656        11.589648689314194       0.41949616594912176
       -1.404478187323627       -1.9150050756614827      -0.08824441745339087        0.4094899878065174      -0.32701860017277795     -0.050650289594826266       0.06786223998293277     -0.008428772959632612      0.006662123941511051      0.012606973771377284        0.1840482136148238     -0.019911846573644018       0.20788923235057458       0.23937107650201414     -0.011566010934877035       -10.575834170876782         -23.8017577687407       -0.7005891803023749      -0.07211568599878955      -0.12066284455745482     -0.016444971631235324     -0.030696981613513613     -0.020553669877331697     0.0023153920145171135      0.007954294605710368     -0.007831365396048175    -0.0008445761836710856       -0.0379253030563434       0.08525376658387368        0.0217644670865603        11.589648689314194        25.624237428071577        0.8298132723247137
      0.07744544162745269      -0.18630476939581517       0.29346782587600023     0.0014601118840695062      -0.07113200030709727        0.5897230959087469      0.030325834448424623     -0.006499657778392439       -0.1144820567934669      -0.01582697765408566     0.0066296709995789195        0.6878167560093026      -0.03808674748054489     -0.017511069194328033        0.2966469567740836       -0.2602590641689257       -0.5796977846477686       -3.2245248949475274     0.0029553858184964378     -0.015990073446729987      0.011805593996912932     -0.006913473399731061     0.0006683501731835937      -0.11652701781216358     -0.002487017564675381    -0.0010568156862878373      0.006533729100319439     -0.005282766052825774       0.02897507170681582       -0.3857901396367186       0.41949616594912176        0.8298132723247137        2.3861122958903946
