{"atoms": {"numbers": {"__ndarray__": [[12], "int64", [6, 6, 6, 6, 6, 6, 1, 1, 1, 1, 1, 1]]}, "positions": {"__ndarray__": [[12, 3], "float64", [1.1607845843, 0.7965746411, -0.6184163721, 1.2064061407, 0.6010268789, 0.719658682, -0.295039854, 0.3348771544, -0.7508152691, -0.2425980464, 0.1092239494, 0.8112728579, -0.5469912498, -1.1750260931, -0.8452469806, -0.5024408446, -1.3675565679, 0.4932580575, 1.9026811941, 1.108907313, -1.3687652634, 1.9994341, 0.6927756437, 1.476970305, -1.0335194698, 1.0257590351, -1.2020259133, -0.942022134, 0.6390669794, 1.4867643156, -0.6562253895, -1.8480855599, -1.7089814476, -0.561559031, -2.2575733741, 1.1377870281]]}, "cell": {"__ndarray__": [[3, 3], "float64", [0.0, 0.0, 0.0, 0.0, 0.0, 0.0, 0.0, 0.0, 0.0]]}, "pbc": {"__ndarray__": [[3], "bool", [false, false, false]]}, "__ase_objtype__": "atoms"}, "hessian": {"__ndarray__": [[12, 3, 12, 3], "float64", [44.56071122627954, 12.144220652962062, -12.235258539644528, -6.537220555236955, 0.007002914360189561, -1.3328880332227464, -15.951471760118453, -1.5266353305213243, 0.09687364864928892, -2.978572907867293, -1.610670302843599, 3.42792657931279, -0.4038347281042647, -2.2537712715876737, 0.9792408580331736, -0.33030412732227427, -0.6956228264454963, -0.8356811136492875, -16.94072444112296, -5.586046913194668, 11.835481275314216, 0.3736203522232376, 0.05240828470099713, -1.8515339807913564, -1.2327781033537775, -0.6573013255402478, 0.17007333680388098, -0.5349026219159836, -0.0774290141711506, -0.17379263442782272, -0.07235724468395731, 0.20828066694073696, -0.028063791162469424, 0.05409887453006155, -0.0027049437265030773, -0.05646570029075173, 12.144220652962062, 18.079190573222714, -13.195824959383863, 0.09103788668246429, -5.534636649336482, 6.300288619383875, -3.286701139715634, -6.344640410331742, 0.12721961087677702, -1.6970395799526037, -0.21709034516587639, 1.575655731042651, -2.3693193585308014, -1.0095868202606615, 0.6629425594312784, -0.5357229485545014, -0.3968318137440751, -0.02567735265402839, -5.789593928614024, -5.637778961964039, 5.322991135792243, -0.10921210295756174, 0.4581498436764588, -0.4131801542233451, 1.518487784465665, 0.5846059628904776, -0.28537156314607465, -0.14437637140210174, 0.06796171112838982, -0.12239870362426426, 0.02840190912828231, -0.017582134222270004, 0.02231578574365039, 0.1518149666499852, -0.02907814505990808, 0.028740027094095198, -12.235258539644528, -13.195824959383863, 75.75519324374395, -1.6410162650710869, 6.871026139739324, -49.598140956042556, -1.0294284109478653, 0.3046267746682459, -3.580823542843595, 4.396663065805679, 2.8163387251895684, -3.8994561462322204, -0.9395576766587662, -1.5196324161611348, 0.41200479485781916, -0.15406411592417035, -0.5754061299289088, -1.2885362422748792, 12.45051785512785, 5.224260689774881, -17.79852972039025, 0.5399743914031767, 0.2606889516417341, -0.13085165276958635, -1.1898371216955412, -0.4351578220011825, 0.10752151312849731, -0.0010143538974386542, 0.04733651521380385, -0.026711319299217887, 0.0243444935385277, -0.007438595247883462, 0.013862836598328272, -0.22653903709463274, 0.20692819507748542, 0.04091227386335905, -6.537220555236955, 0.09103788668246429, -1.6410162650710869, 46.518025789952524, 8.079028866872024, 17.36022469890992, -3.580823542843595, -0.7574819032938374, -3.8340956122037846, -15.81958353966822, -1.5873272549763005, 0.24977061218009436, -0.27778226962085256, -0.8496869423696667, 0.557898844028435, -0.4505208238388618, -1.8125876668957313, -1.4916207587203765, 0.46186914130040047, -0.49263787618937294, 1.7548322425688714, -18.621170731212995, -2.1392723696981215, -13.002664493300292, -0.5315214422578547, -0.13457095039352812, 0.1656778032483135, -1.1587302688407557, -0.5565421717280081, -0.25122164859897333, 0.07337159858139597, -0.030430616923159622, 0.048350869111242506, -0.06762359316257693, 0.1910366506842798, 0.08960126094041443, 0.007002914360189561, -5.534636649336482, 6.871026139739324, 8.079028866872024, 15.62583624236964, -5.235845636635062, -0.37232161348341164, 0.7131301123459702, -0.1844100781516584, -3.624008181398098, -6.007333368649278, -0.5964148730094776, -0.5287200341943119, -0.6501038831042643, 0.2696122028672981, -2.596914075236962, -1.1788239172985762, -0.9629007245260647, 0.08317701958996963, 0.3614481054539737, 0.5751386598477168, -2.161926273407585, -3.747699533070014, -1.10530763024232, -0.12916106294052193, 0.040236037931733276, 0.15519614630811407, 1.131004595644099, 0.3455565610607681, 0.2779329678981912, 0.08081019382927944, 0.042264745726610584, -0.03245932471803693, 0.032121206752224046, -0.008114831179509233, -0.032121206752224046, -1.3328880332227464, 6.300288619383875, -49.598140956042556, 17.36022469890992, -5.235845636635062, 76.11701048568706, -4.784157660402835, -1.5453097688151634, -4.23326173073459, 0.8508540947630318, -0.7364731602132689, -3.941473632393357, -0.04902040052132692, 0.8228424373222734, -1.0866188782227468, 0.2754479648341227, 1.179991069691941, 0.6022506349763022, -0.5771673676425941, -0.08960126094041443, -0.12510364735076732, -13.634945089370387, -1.0153682513360927, -17.9337769067154, -0.013186600666702502, -0.022992021675276156, -0.01014353897438654, 1.6638785097652053, 0.5585708795228854, 0.26035083367592116, 0.2559553001203537, -0.20219454355610503, -0.048350869111242506, -0.010481656940199424, -0.013186600666702502, 0.0030430616923159625, -15.951471760118453, -3.286701139715634, -1.0294284109478653, -3.580823542843595, -0.37232161348341164, -4.784157660402835, 44.5852214265402, -7.01225157933648, 10.68177870407581, -5.89411958649288, 1.052771458815164, 0.4038347281042647, -5.759897061255914, 0.03734887658767766, -0.5847433490758284, 0.6594411022511836, -0.6290951400236956, 1.2383486893601874, -0.13017541683796058, 0.23194892454763888, -0.3641530491804768, -0.4294098165823635, -0.3087017027871637, -0.22417221133394255, -15.100348353203428, 11.119347423722523, -6.841478920257907, 0.36956293663348294, -0.6143603438820114, 1.489409639405757, -0.048012751145429626, -0.014877190495766924, 0.11394575447894213, 1.2848482700889616, -0.20692819507748542, -0.09873044601736232, -1.5266353305213243, -6.344640410331742, 0.3046267746682459, -0.7574819032938374, 0.7131301123459702, -1.5453097688151634, -7.01225157933648, 45.01706781208523, -9.373400871113727, 1.2313457749999976, -5.794911633056861, 0.7959979322748801, -1.754230047227485, -16.214081048625562, -0.8205081325355434, -0.38282598502369597, -4.76898467928909, 4.861189718364921, -0.15925356189786868, -0.034149914547101354, -0.22620091912881984, -0.4628834951978391, 1.2047143121913082, 0.22856774488951, 11.104470233226758, -13.578479389079634, 6.474282809385116, -0.392554958308759, 0.3435278532658908, -1.2206058565845137, 0.21673361608605907, 0.00507176948719327, 0.3614481054539737, -0.10718339516268445, -0.5436936890271186, 0.15790109003461714, 0.09687364864928892, 0.12721961087677702, -3.580823542843595, -3.8340956122037846, -0.1844100781516584, -4.23326173073459, 10.68177870407581, -9.373400871113727, 36.905358678198986, -0.49020400521326923, 1.6573563985781963, -13.723377841184808, -0.6034177873696671, -1.7939132286018924, -3.9134619749525994, 0.206585973625592, 3.6718614295260594, -2.9610656219668194, 1.2780859107727038, 0.34690903292401964, 0.42028063150541567, -0.11732693413707096, -0.07032853688908001, -0.34826150478727125, -6.884758019881959, 6.510123313761282, -7.849408576346118, -0.3857925989925014, 0.4020222613515198, -0.6873938244975946, -0.17345451646200982, -1.37140646933706, 0.29010521466745504, 0.22755339099207136, 0.07573842434208616, -0.3151259441376085, -2.978572907867293, -1.6970395799526037, 4.396663065805679, -15.81958353966822, -3.624008181398098, 0.8508540947630318, -5.89411958649288, 1.2313457749999976, -0.49020400521326923, 42.80648117905206, -2.934221116919426, -12.412665703435996, 0.5170485102606626, -0.4680281097393356, -1.7227169326066323, -5.608167250118473, -0.14239259199052107, 0.6792826929383875, -0.41419450812078373, -0.3455565610607681, 0.13321847853027655, -0.1947559483082216, 0.07945772196602789, 0.4561211358815814, 0.2840190912828231, -0.17886440391501596, -1.6530587348591932, -13.917273590824147, 8.190231485885507, 9.898403449172198, 1.2638849562085628, -0.21707173405187194, -0.06965230095745424, -0.04091227386335905, 0.10380221550455558, -0.06965230095745424, -1.610670302843599, -0.21709034516587639, 2.8163387251895684, -1.5873272549763005, -6.007333368649278, -0.7364731602132689, 1.052771458815164, -5.794911633056861, 1.6573563985781963, -2.934221116919426, 39.41006771436012, 9.972150048909933, -0.5695703679620843, -2.326134719976299, -4.7141285168009395, -1.9783233067535508, -16.064685542274855, -2.5817410941232177, -0.47674633179616743, 1.1127462254902034, 0.24107810962458676, 0.22011479574418794, 0.036178622341978654, 0.10211162567549119, -0.3952599020352622, 0.027049437265030774, 1.4525547811321526, 8.186850306227376, -9.464598099034268, -7.477478813951945, -0.03347367861547558, -0.4628834951978391, -0.19441783034240867, 0.12172246769263849, -0.24614987911178005, -0.5352407398817964, 3.42792657931279, 1.575655731042651, -3.8994561462322204, 0.24977061218009436, -0.5964148730094776, -3.941473632393357, 0.4038347281042647, 0.7959979322748801, -13.723377841184808, -12.412665703435996, 9.972150048909933, 44.15454219338854, -0.6454352735308044, -3.3789061787914627, -5.3035404754502276, 0.15756557310426514, -1.848769391090044, -4.137555234478665, -0.015553426427392693, 0.5284783805655388, -0.2721849624793722, -1.2402166986016607, -0.4774225677277932, 0.40878462066777754, 0.22281973947069098, -0.1714258086671325, -0.2819903834879458, 9.943373138625311, -7.509261902738356, -13.153803224018652, -0.3536713922402774, -0.10853586702593597, -0.37666341391555347, 0.25832212588104386, 1.2216202104819522, 0.530507088360416, -0.4038347281042647, -2.3693193585308014, -0.9395576766587662, -0.27778226962085256, -0.5287200341943119, -0.04902040052132692, -5.759897061255914, -1.754230047227485, -0.6034177873696671, 0.5170485102606626, -0.5695703679620843, -0.6454352735308044, 13.279859931706136, 5.387575447772503, 4.70012268808056, -4.590410363104257, 0.30229246988151603, -1.1473108026777228, -0.05409887453006155, 0.03347367861547558, -0.02840190912828231, -0.016905898290644233, 0.11800317006869676, -0.028063791162469424, 0.34082290953938776, 1.554328288841831, 0.548089222582686, 0.08419137348740828, -0.06119935181213213, 0.10177350770967829, -3.5806692579584487, -2.055757232142339, -2.101065039561265, 0.46254537723202627, -0.05646570029075173, 0.19238912254753138, -2.2537712715876737, -1.0095868202606615, -1.5196324161611348, -0.8496869423696667, -0.6501038831042643, 0.8228424373222734, 0.03734887658767766, -16.214081048625562, -1.7939132286018924, -0.4680281097393356, -2.326134719976299, -3.3789061787914627, 5.387575447772503, 44.009815296611286, 10.434342396682444, 0.4505208238388618, -7.3145440492179965, 5.995661844715629, 0.20287077948773077, -0.04158850979498482, 0.040236037931733276, 0.008114831179509233, 0.03922168403429462, 0.05308452063262289, -0.416223215915661, -1.2114766715075656, -0.3577288078300319, -0.0013524718632515387, -0.5697287723947108, 0.1122551646498777, -1.9546599603642862, -14.896125101852446, -12.340291398272852, -0.14167142767559868, 0.1910366506842798, 1.935725354278765, 0.9792408580331736, 0.6629425594312784, 0.41200479485781916, 0.557898844028435, 0.2696122028672981, -1.0866188782227468, -0.5847433490758284, -0.8205081325355434, -3.9134619749525994, -1.7227169326066323, -4.7141285168009395, -5.3035404754502276, 4.70012268808056, 10.434342396682444, 80.93734987028422, -1.8779482009241673, 6.318963057677714, -49.69851606187194, 0.031106852854785386, -0.02603508336759212, 0.01453907252995404, -0.24547364318015427, 0.21199996456467868, 0.04361721758986212, 0.23059645268438733, 1.2534032992683635, 0.31208288244529253, -0.03685485827360443, -0.0882487890771629, -0.005409887453006155, -1.9008992038000376, -12.961752219436935, -21.75011438684543, -0.1278085910772704, -0.5369313297108609, 0.045307807418926545, -0.33030412732227427, -0.5357229485545014, -0.15406411592417035, -0.4505208238388618, -2.596914075236962, 0.2754479648341227, 0.6594411022511836, -0.38282598502369597, 0.206585973625592, -5.608167250118473, -1.9783233067535508, 0.15756557310426514, -4.590410363104257, 0.4505208238388618, -1.8779482009241673, 12.949555804383863, 4.917213033246436, 1.1017918593364908, 0.0020287077948773083, 0.09162996873529174, 0.0595087619830677, -0.05037957690611981, 0.025358847435966347, 0.04091227386335905, 0.07776713213696347, -0.02468261150434058, -0.12070811379519983, 0.30532052312903485, 1.547565929525573, -0.10752151312849731, 0.45104936639438814, 0.042264745726610584, -0.23533010420576772, -3.4149914547101345, -1.5556807607050824, 0.6529057919846802, -0.6956228264454963, -0.3968318137440751, -0.5754061299289088, -1.8125876668957313, -1.1788239172985762, 1.179991069691941, -0.6290951400236956, -4.76898467928909, 3.6718614295260594, -0.14239259199052107, -16.064685542274855, -1.848769391090044, 0.30229246988151603, -7.3145440492179965, 6.318963057677714, 4.917213033246436, 52.771628313601795, -18.969727849360154, -0.06458053147026097, 0.11191704668406484, -0.028063791162469424, 0.1988133638979762, -0.029416263025720965, -0.06728547519676406, -0.023668257606901926, -0.5169823697279007, -0.26508448519730154, -0.3289887807359368, -0.8341370216603865, 0.03381179658128847, -0.2887527428042035, 0.551132284275002, -1.7717381408595156, -1.4319295852175666, -22.322548102966646, 12.31662314066595, -0.8356811136492875, -0.02567735265402839, -1.2885362422748792, -1.4916207587203765, -0.9629007245260647, 0.6022506349763022, 1.2383486893601874, 4.861189718364921, -2.9610656219668194, 0.6792826929383875, -2.5817410941232177, -4.137555234478665, -1.1473108026777228, 5.995661844715629, -49.69851606187194, 1.1017918593364908, -18.969727849360154, 72.37628706495246, 0.2393875197955223, -0.19441783034240867, -0.04936522300868116, 0.03245932471803693, 0.011496010837638078, 0.0030430616923159625, 0.027049437265030774, -0.05781817215400328, -0.05207016673518424, -0.35029021258214854, -1.705805137526003, -0.019948959982960195, 0.02603508336759212, 0.6850269987369043, -0.30565864109484775, 0.4787750395910446, 12.939774551659093, -14.464686577475206, -16.94072444112296, -5.789593928614024, 12.45051785512785, 0.46186914130040047, 0.08317701958996963, -0.5771673676425941, -0.13017541683796058, -0.15925356189786868, 1.2780859107727038, -0.41419450812078373, -0.47674633179616743, -0.015553426427392693, -0.05409887453006155, 0.20287077948773077, 0.031106852854785386, 0.0020287077948773083, -0.06458053147026097, 0.2393875197955223, 16.92652268584814, 6.188153172928847, -13.474826952328458, 0.00793403202176834, 0.08698049920160847, 0.05250174276133124, 0.004505746580263501, 0.031638177074458936, -0.01341928872817608, 0.07561818173833529, -0.016945525182295345, 0.04300049453773211, -0.01439879885432032, -0.030854568973543547, -0.004113942529805806, 0.06876161085532562, -0.05700748934159475, -0.004309844555034654, -5.586046913194668, -5.637778961964039, 5.224260689774881, -0.49263787618937294, 0.3614481054539737, -0.08960126094041443, 0.23194892454763888, -0.034149914547101354, 0.34690903292401964, -0.3455565610607681, 1.1127462254902034, 0.5284783805655388, 0.03347367861547558, -0.04158850979498482, -0.02603508336759212, 0.09162996873529174, 0.11191704668406484, -0.19441783034240867, 6.188153172928847, 4.537678610375804, -5.9608088726507695, 0.09795101261442395, -0.2424287562206993, -0.0400619641592994, -0.05455871402623414, -0.0016651672144452072, 0.04505746580263501, -0.154566697905561, -0.20099547788479794, 0.1415392132278426, -0.017533231257981886, -0.020961516699486725, -0.006660668857780829, 0.005583207719022165, 0.05387305693793318, 0.03320539327628972, 11.835481275314216, 5.322991135792243, -17.79852972039025, 1.7548322425688714, 0.5751386598477168, -0.12510364735076732, -0.3641530491804768, -0.22620091912881984, 0.42028063150541567, 0.13321847853027655, 0.24107810962458676, -0.2721849624793722, -0.02840190912828231, 0.040236037931733276, 0.01453907252995404, 0.0595087619830677, -0.028063791162469424, -0.04936522300868116, -13.474826952328458, -5.9608088726507695, 17.755188252566175, -0.02478160619144926, -0.04182508238635903, 0.013321337715561658, 0.007542227971310644, 0.025565214292364653, 0.023214389989618476, 0.08051573236905649, 0.03731933580609552, -0.0027426283532038702, 0.0016651672144452072, -0.001959020252288479, 0.002154922277517327, 0.02458570416622041, 0.01861069239674055, 0.012733631639875112, 0.3736203522232376, -0.10921210295756174, 0.5399743914031767, -18.621170731212995, -2.161926273407585, -13.634945089370387, -0.4294098165823635, -0.4628834951978391, -0.11732693413707096, -0.1947559483082216, 0.22011479574418794, -1.2402166986016607, -0.016905898290644233, 0.008114831179509233, -0.24547364318015427, -0.05037957690611981, 0.1988133638979762, 0.03245932471803693, 0.00793403202176834, 0.09795101261442395, -0.02478160619144926, 18.80306818551528, 2.277165141260128, 14.736044190751782, 0.06513742338859192, -0.008325836072226037, -0.05426486098839087, 0.004113942529805806, 0.025075459229292527, 0.022234879863474236, 0.06680259060303713, -0.05553822415237838, -0.01586806404353668, -0.014496749866934742, -0.030756617960929118, -0.003232383416275991, 0.05240828470099713, 0.4581498436764588, 0.2606889516417341, -2.1392723696981215, -3.747699533070014, -1.0153682513360927, -0.3087017027871637, 1.2047143121913082, -0.07032853688908001, 0.07945772196602789, 0.036178622341978654, -0.4774225677277932, 0.11800317006869676, 0.03922168403429462, 0.21199996456467868, 0.025358847435966347, -0.029416263025720965, 0.011496010837638078, 0.08698049920160847, -0.2424287562206993, -0.04182508238635903, 2.277165141260128, 2.3551341473012095, 1.3513321700285927, -0.13438878930698966, -0.13683756462235025, -0.17151222308785632, -0.0531873998496322, 0.018806594421969396, -0.04231483744943114, 0.010872562400201059, 0.06454971731290537, -0.018806594421969396, -0.01518240695523571, -0.021255369737329995, 0.002056971264902903, -1.8515339807913564, -0.4131801542233451, -0.13085165276958635, -13.002664493300292, -1.10530763024232, -17.9337769067154, -0.22417221133394255, 0.22856774488951, -0.34826150478727125, 0.4561211358815814, 0.10211162567549119, 0.40878462066777754, -0.028063791162469424, 0.05308452063262289, 0.04361721758986212, 0.04091227386335905, -0.06728547519676406, 0.0030430616923159625, 0.05250174276133124, -0.0400619641592994, 0.013321337715561658, 14.736044190751782, 1.3513321700285927, 17.984883377146996, -0.12958918968888286, -0.07865466312938242, -0.05622388124067934, -0.022430781888703084, -0.0282098916329541, 0.001567216201830783, -0.02605496935543677, 0.0005877060756865436, 0.004407795567649078, -0.006464766832551982, -0.00372213847934811, 0.002644677340589446, -1.2327781033537775, 1.518487784465665, -1.1898371216955412, -0.5315214422578547, -0.12916106294052193, -0.013186600666702502, -15.100348353203428, 11.104470233226758, -6.884758019881959, 0.2840190912828231, -0.3952599020352622, 0.22281973947069098, 0.34082290953938776, -0.416223215915661, 0.23059645268438733, 0.07776713213696347, -0.023668257606901926, 0.027049437265030774, 0.004505746580263501, -0.05455871402623414, 0.007542227971310644, 0.06513742338859192, -0.13438878930698966, -0.12958918968888286, 16.183074500104667, -11.478977119296957, 7.709920104906538, 0.030952519986157962, 0.02997300986001373, -0.005583207719022165, 0.008619689110069308, 0.032813589225832024, -0.020765614674257877, -0.13615190753404927, -0.0490734573198264, 0.04260869048727442, -0.6573013255402478, 0.5846059628904776, -0.4351578220011825, -0.13457095039352812, 0.040236037931733276, -0.022992021675276156, 11.119347423722523, -13.578479389079634, 6.510123313761282, -0.17886440391501596, 0.027049437265030774, -0.1714258086671325, 1.554328288841831, -1.2114766715075656, 1.2534032992683635, -0.02468261150434058, -0.5169823697279007, -0.05781817215400328, 0.031638177074458936, -0.0016651672144452072, 0.025565214292364653, -0.008325836072226037, -0.13683756462235025, -0.07865466312938242, -11.478977119296957, 14.732322052272435, -7.137396436175229, 0.021451271762558847, 0.04094352327282921, 0.00989305227405682, -0.045351318840478286, 0.0017631182270596312, -0.018904545434583822, -0.19482456409008922, 0.01312543569033281, 0.12625885525999248, 0.17007333680388098, -0.28537156314607465, 0.10752151312849731, 0.1656778032483135, 0.15519614630811407, -0.01014353897438654, -6.841478920257907, 6.474282809385116, -7.849408576346118, -1.6530587348591932, 1.4525547811321526, -0.2819903834879458, 0.548089222582686, -0.3577288078300319, 0.31208288244529253, -0.12070811379519983, -0.26508448519730154, -0.05207016673518424, -0.01341928872817608, 0.04505746580263501, 0.023214389989618476, -0.05426486098839087, -0.17151222308785632, -0.05622388124067934, 7.709920104906538, -7.137396436175229, 7.816588757643645, 0.011460268475887603, 0.004015991517191383, -0.02056971264902903, -0.05406895896316202, 0.008521738097454884, 0.013321337715561658, 0.12860967956273864, 0.0802218793312132, -0.005289354681178892, -0.5349026219159836, -0.14437637140210174, -0.0010143538974386542, -1.1587302688407557, 1.131004595644099, 1.6638785097652053, 0.36956293663348294, -0.392554958308759, -0.3857925989925014, -13.917273590824147, 8.186850306227376, 9.943373138625311, 0.08419137348740828, -0.0013524718632515387, -0.03685485827360443, 0.30532052312903485, -0.3289887807359368, -0.35029021258214854, 0.07561818173833529, -0.154566697905561, 0.08051573236905649, 0.004113942529805806, -0.0531873998496322, -0.022430781888703084, 0.030952519986157962, 0.021451271762558847, 0.011460268475887603, 14.870335029046158, -8.24512443783175, -10.880006677159754, -0.14878758816130996, -0.04113942529805806, -0.048485751244139855, 0.01381109277863378, 0.025173410241906957, 0.02997300986001373, -0.0774290141711506, 0.06796171112838982, 0.04733651521380385, -0.5565421717280081, 0.3455565610607681, 0.5585708795228854, -0.6143603438820114, 0.3435278532658908, 0.4020222613515198, 8.190231485885507, -9.464598099034268, -7.509261902738356, -0.06119935181213213, -0.5697287723947108, -0.0882487890771629, 1.547565929525573, -0.8341370216603865, -1.705805137526003, -0.016945525182295345, -0.20099547788479794, 0.03731933580609552, 0.025075459229292527, 0.018806594421969396, -0.0282098916329541, 0.02997300986001373, 0.04094352327282921, 0.004015991517191383, -8.24512443783175, 10.182399565319827, 8.355613180060821, -0.15887654246059563, 0.06582308047689289, -0.09511043324860564, -0.05906446060649764, 0.0005877060756865436, 0.018806594421969396, -0.17379263442782272, -0.12239870362426426, -0.026711319299217887, -0.25122164859897333, 0.2779329678981912, 0.26035083367592116, 1.489409639405757, -1.2206058565845137, -0.6873938244975946, 9.898403449172198, -7.477478813951945, -13.153803224018652, 0.10177350770967829, 0.1122551646498777, -0.005409887453006155, -0.10752151312849731, 0.03381179658128847, -0.019948959982960195, 0.04300049453773211, 0.1415392132278426, -0.0027426283532038702, 0.022234879863474236, -0.04231483744943114, 0.001567216201830783, -0.005583207719022165, 0.00989305227405682, -0.02056971264902903, -10.880006677159754, 8.355613180060821, 13.682972854134112, -0.17200197815092844, -0.0580849504803534, -0.04505746580263501, 0.039278356058384006, -0.013615190753404928, 0.011068464425429905, -0.07235724468395731, 0.02840190912828231, 0.0243444935385277, 0.07337159858139597, 0.08081019382927944, 0.2559553001203537, -0.048012751145429626, 0.21673361608605907, -0.17345451646200982, 1.2638849562085628, -0.03347367861547558, -0.3536713922402774, -3.5806692579584487, -1.9546599603642862, -1.9008992038000376, 0.45104936639438814, -0.2887527428042035, 0.02603508336759212, -0.01439879885432032, -0.017533231257981886, 0.0016651672144452072, 0.06680259060303713, 0.010872562400201059, -0.02605496935543677, 0.008619689110069308, -0.045351318840478286, -0.05406895896316202, -0.14878758816130996, -0.15887654246059563, -0.17200197815092844, 2.267174137973457, 2.110844321840836, 2.3491591355317296, -0.2672103624121485, 0.05034682048381391, 0.02233283087608866, 0.20828066694073696, -0.017582134222270004, -0.007438595247883462, -0.030430616923159622, 0.042264745726610584, -0.20219454355610503, -0.014877190495766924, 0.00507176948719327, -1.37140646933706, -0.21707173405187194, -0.4628834951978391, -0.10853586702593597, -2.055757232142339, -14.896125101852446, -12.961752219436935, 0.042264745726610584, 0.551132284275002, 0.6850269987369043, -0.030854568973543547, -0.020961516699486725, -0.001959020252288479, -0.05553822415237838, 0.06454971731290537, 0.0005877060756865436, 0.032813589225832024, 0.0017631182270596312, 0.008521738097454884, -0.04113942529805806, 0.06582308047689289, -0.0580849504803534, 2.110844321840836, 14.631138656241733, 14.051758416627417, 0.050248869471199484, 0.03046276492308585, -0.03957220909622728, -0.028063791162469424, 0.02231578574365039, 0.013862836598328272, 0.048350869111242506, -0.03245932471803693, -0.048350869111242506, 0.11394575447894213, 0.3614481054539737, 0.29010521466745504, -0.06965230095745424, -0.19441783034240867, -0.37666341391555347, -2.101065039561265, -12.340291398272852, -21.75011438684543, -0.23533010420576772, -1.7717381408595156, -0.30565864109484775, -0.004113942529805806, -0.006660668857780829, 0.002154922277517327, -0.01586806404353668, -0.018806594421969396, 0.004407795567649078, -0.020765614674257877, -0.018904545434583822, 0.013321337715561658, -0.048485751244139855, -0.09511043324860564, -0.04505746580263501, 2.3491591355317296, 14.051758416627417, 22.17405228464068, 0.011362317463273179, 0.037711139856553215, 0.019492251510270366, 0.05409887453006155, 0.1518149666499852, -0.22653903709463274, -0.06762359316257693, 0.032121206752224046, -0.010481656940199424, 1.2848482700889616, -0.10718339516268445, 0.22755339099207136, -0.04091227386335905, 0.12172246769263849, 0.25832212588104386, 0.46254537723202627, -0.14167142767559868, -0.1278085910772704, -3.4149914547101345, -1.4319295852175666, 0.4787750395910446, 0.06876161085532562, 0.005583207719022165, 0.02458570416622041, -0.014496749866934742, -0.01518240695523571, -0.006464766832551982, -0.13615190753404927, -0.19482456409008922, 0.12860967956273864, 0.01381109277863378, -0.05906446060649764, 0.039278356058384006, -0.2672103624121485, 0.050248869471199484, 0.011362317463273179, 2.056285607814602, 1.587785914479812, -0.7967335366057244, -0.0027049437265030773, -0.02907814505990808, 0.20692819507748542, 0.1910366506842798, -0.008114831179509233, -0.013186600666702502, -0.20692819507748542, -0.5436936890271186, 0.07573842434208616, 0.10380221550455558, -0.24614987911178005, 1.2216202104819522, -0.05646570029075173, 0.1910366506842798, -0.5369313297108609, -1.5556807607050824, -22.322548102966646, 12.939774551659093, -0.05700748934159475, 0.05387305693793318, 0.01861069239674055, -0.030756617960929118, -0.021255369737329995, -0.00372213847934811, -0.0490734573198264, 0.01312543569033281, 0.0802218793312132, 0.025173410241906957, 0.0005877060756865436, -0.013615190753404928, 0.05034682048381391, 0.03046276492308585, 0.037711139856553215, 1.587785914479812, 22.872638906606753, -14.007680460950926, -0.05646570029075173, 0.028740027094095198, 0.04091227386335905, 0.08960126094041443, -0.032121206752224046, 0.0030430616923159625, -0.09873044601736232, 0.15790109003461714, -0.3151259441376085, -0.06965230095745424, -0.5352407398817964, 0.530507088360416, 0.19238912254753138, 1.935725354278765, 0.045307807418926545, 0.6529057919846802, 12.31662314066595, -14.464686577475206, -0.004309844555034654, 0.03320539327628972, 0.012733631639875112, -0.003232383416275991, 0.002056971264902903, 0.002644677340589446, 0.04260869048727442, 0.12625885525999248, -0.005289354681178892, 0.02997300986001373, 0.018806594421969396, 0.011068464425429905, 0.02233283087608866, -0.03957220909622728, 0.019492251510270366, -0.7967335366057244, -14.007680460950926, 14.11425116267542]]}, "indices": null, "__ase_objtype__": "vibrationsdata"}